{"Data":{"GlassBlock":[{"CanCollide":true,"CFrame":[0,-3.0000000054977559e38,0,1,0,0,0,1,0,0,0,1],"Transparency":0.5,"ID":31,"Anchored":true,"CastShadow":true,"Size":[251.7989959716797,0.0010000000474974514,298.9999694824219]},{"CanCollide":true,"CFrame":[0,-3.0000000054977559e38,0,0,0,1,0,1,0,-1,0,0],"Transparency":0.5,"ID":34,"Anchored":true,"CastShadow":true,"Size":[298.9999694824219,0.0010000000474974514,251.7989959716797]},{"CanCollide":true,"CFrame":[0,-3.0000000054977559e38,0,0,0,1,0,1,0,-1,0,0],"Transparency":0.5,"ID":35,"Anchored":true,"CastShadow":true,"Size":[298.9999694824219,0.0010000000474974514,251.7989959716797]},{"CanCollide":true,"CFrame":[0,-3.0000000054977559e38,0,0,0,1,0,1,0,-1,0,0],"Transparency":0.5,"ID":36,"Anchored":true,"CastShadow":true,"Size":[298.9999694824219,0.0010000000474974514,251.7989959716797]},{"CanCollide":true,"CFrame":[0,-3.0000000054977559e38,0,0,0,1,0,1,0,-1,0,0],"Transparency":0.5,"ID":37,"Anchored":true,"CastShadow":true,"Size":[298.9999694824219,0.0010000000474974514,251.7989959716797]},{"CanCollide":true,"CFrame":[0,-3.0000000054977559e38,0,0,0,1,0,1,0,-1,0,0],"Transparency":0.5,"ID":38,"Anchored":true,"CastShadow":true,"Size":[298.9999694824219,0.0010000000474974514,251.7989959716797]},{"CanCollide":false,"Color":"153a7e","CFrame":[4.8070068359375,17.270000457763673,-78.32400512695313,-0.18013453483581544,-0.01031416654586792,-0.9835879802703857,0.9258173704147339,0.3360152840614319,-0.17307788133621217,0.3322857916355133,-0.941800057888031,-0.050978899002075198],"Transparency":0,"ID":39,"Anchored":true,"CastShadow":true,"Size":[0.2619999945163727,0.34200000762939455,0.05000000447034836]},{"CanCollide":false,"Color":"333333","CFrame":[8.42999267578125,16.60099983215332,-76.16900634765625,0.8985571265220642,0.027017634361982347,-0.4380241334438324,0.027689162641763688,0.9926242828369141,0.118026964366436,0.4379821717739105,-0.11818248778581619,0.8911815285682678],"Transparency":0,"ID":40,"Anchored":true,"CastShadow":true,"Size":[0.675000011920929,0.05000000447034836,0.05000000447034836]},{"CanCollide":false,"Color":"153a7e","CFrame":[5.29998779296875,20.104000091552736,-80.322998046875,0.860529363155365,0.08705906569957733,-0.5019063353538513,-0.10639585554599762,0.9942740201950073,-0.009954443201422692,0.4981657862663269,0.06196683645248413,0.864864706993103],"Transparency":0,"ID":41,"Anchored":true,"CastShadow":true,"Size":[0.05000000447034836,2.2730000019073488,0.15000000596046449]},{"CanCollide":false,"Color":"153a7e","CFrame":[5.368988037109375,17.518999099731447,-75.31698608398438,1,-0.000003755551460926654,-0.00008624029578641057,-0.000003755551460926654,0.9962143898010254,-0.08693021535873413,0.00008624029578641057,0.08693021535873413,0.9962143898010254],"Transparency":0,"ID":42,"Anchored":true,"CastShadow":true,"Size":[0.39500001072883608,0.2840000092983246,0.05000000447034836]},{"CanCollide":false,"Color":"7e7e7e","CFrame":[6.7919921875,12.385000228881836,-84.01498413085938,1,0,0,0,0.707596480846405,-0.7066167593002319,0,0.7066167593002319,0.707596480846405],"Transparency":0,"ID":43,"Anchored":true,"CastShadow":true,"Size":[0.07800000160932541,0.05000000447034836,0.05000000447034836]},{"CanCollide":false,"Color":"153a7e","CFrame":[7.087005615234375,19.20800018310547,-75.5050048828125,0.9986481666564941,0.044985331594944,0.026041530072689058,-0.05103221535682678,0.7533330917358398,0.655656099319458,0.009876959025859833,-0.6560987234115601,0.7546104192733765],"Transparency":0,"ID":44,"Anchored":true,"CastShadow":true,"Size":[0.6110000014305115,0.05000000447034836,0.05000000447034836]},{"CanCollide":false,"Color":"153a7e","CFrame":[5.516998291015625,17.018999099731447,-79.93399047851563,0.010295450687408448,-0.16727343201637269,0.9858567714691162,-0.19748419523239137,-0.9668307304382324,-0.16198286414146424,0.9802520275115967,-0.1930234432220459,-0.042987823486328128],"Transparency":0,"ID":45,"Anchored":true,"CastShadow":true,"Size":[0.8579999804496765,0.2849999964237213,0.05000000447034836]},{"CanCollide":false,"Color":"b1b1b1","CFrame":[8.277008056640625,18.42300033569336,-75.27200317382813,0.9999989867210388,-0.001011032611131668,0.0009759389795362949,0.0008845062693580985,0.9925397634506226,0.12191810458898545,-0.0010919214691966773,-0.12191712111234665,0.9925397038459778],"Transparency":0,"ID":46,"Anchored":true,"CastShadow":true,"Size":[0.08299999684095383,0.20000001788139344,0.05000000447034836]},{"CanCollide":false,"Color":"7e7e7e","CFrame":[12.38299560546875,19.391000747680665,-77.01699829101563,-0.9961377382278442,-0.06500891596078873,0.05902833864092827,-0.08780860155820847,0.7404725551605225,-0.6663258671760559,-0.0003917515277862549,-0.668935239315033,-0.7433210611343384],"Transparency":0,"ID":47,"Anchored":true,"CastShadow":true,"Size":[0.05000000447034836,0.05099999159574509,0.05000000447034836]},{"CanCollide":false,"Color":"153a7e","CFrame":[4.75799560546875,17.639999389648439,-75.50399780273438,0.7075430154800415,-0.06211129203438759,-0.7039355635643005,0.0008408166468143463,0.9962032437324524,-0.08705423772335053,0.7066698670387268,0.06100274622440338,0.7049088478088379],"Transparency":0,"ID":48,"Anchored":true,"CastShadow":true,"Size":[0.34700000286102297,0.05000000447034836,0.05000000447034836]},{"CanCollide":false,"Color":"153a7e","CFrame":[5.053009033203125,18.145999908447267,-75.36398315429688,0.9516595602035523,0.17305319011211396,-0.2537651062011719,-0.13430093228816987,0.9774562120437622,0.1629190295934677,0.2762379050254822,-0.12096257507801056,0.9534467458724976],"Transparency":0,"ID":49,"Anchored":true,"CastShadow":true,"Size":[0.3569999933242798,0.46400001645088198,0.05000000447034836]},{"CanCollide":false,"Color":"7e7e7e","CFrame":[6.855010986328125,12.22700023651123,-83.87600708007813,0.8654424548149109,-0.5010075569152832,0.0009335726499557495,-0.0859690010547638,-0.15033864974975587,-0.984889805316925,0.4935774803161621,0.8522852063179016,-0.17318058013916017],"Transparency":0,"ID":50,"Anchored":true,"CastShadow":true,"Size":[0.1420000195503235,0.05000000447034836,0.10000000149011612]},{"CanCollide":false,"Color":"153a7e","CFrame":[4.78399658203125,17.058000564575197,-76.94500732421875,-0.05234968662261963,-0.42142826318740847,-0.9053494930267334,0.0008487552404403687,0.9065735340118408,-0.42204707860946658,0.9986284971237183,-0.022862449288368226,-0.04710114002227783],"Transparency":0,"ID":51,"Anchored":true,"CastShadow":true,"Size":[0.1159999892115593,0.09400000423192978,0.05000000447034836]},{"CanCollide":false,"Color":"153a7e","CFrame":[7.584014892578125,21.44300079345703,-80.27700805664063,0.9891054630279541,0.07797637581825257,0.12485996633768082,-0.07855966687202454,-0.43770575523376467,0.8956794738769531,0.1244938001036644,-0.8957304954528809,-0.42681145668029787],"Transparency":0,"ID":52,"Anchored":true,"CastShadow":true,"Size":[0.550000011920929,0.2160000205039978,0.05000000447034836]},{"CanCollide":false,"Color":"153a7e","CFrame":[5.722991943359375,17.101999282836915,-77.92401123046875,1,0,0,0,1,0,0,0,1],"Transparency":0,"ID":53,"Anchored":true,"CastShadow":true,"Size":[0.4000000059604645,0.05000000447034836,5.184999942779541]},{"CanCollide":false,"Color":"153a7e","CFrame":[5.110015869140625,16.687000274658204,-76.97500610351563,-0.052750587463378909,-0.983487606048584,-0.17311662435531617,0.0001754462718963623,0.17334890365600587,-0.9848604798316956,0.9986076951026917,-0.051982343196868899,-0.008971691131591797],"Transparency":0,"ID":54,"Anchored":true,"CastShadow":true,"Size":[0.12400000542402268,0.20000001788139344,0.05000000447034836]},{"CanCollide":false,"Color":"153a7e","CFrame":[7.7760009765625,19.238000869750978,-76.11001586914063,0.7557002305984497,-0.6504958271980286,0.07597622275352478,0.012069165706634522,0.12982147932052613,0.9914639592170715,-0.6548064947128296,-0.7483325600624085,0.10595703125],"Transparency":0,"ID":55,"Anchored":true,"CastShadow":true,"Size":[0.5080000162124634,0.2720000147819519,0.05000000447034836]},{"CanCollide":false,"Color":"153a7e","CFrame":[8.186004638671875,16.76799964904785,-79.36898803710938,-0.008476614952087403,0.9958993196487427,-0.09007063508033753,0.09426450729370117,-0.08887696266174317,-0.9915720224380493,-0.9955111742019653,-0.016895651817321779,-0.0931246280670166],"Transparency":0,"ID":56,"Anchored":true,"CastShadow":true,"Size":[0.4090000092983246,0.20000001788139344,0.05000000447034836]},{"CanCollide":false,"Color":"153a7e","CFrame":[8.572998046875,18.663999557495118,-79.99200439453125,-0.05186951160430908,-0.3422284722328186,0.9381840825080872,-0.0007994472980499268,0.9394625425338745,0.3426506519317627,-0.9986535906791687,0.017023101449012758,-0.04900312423706055],"Transparency":0,"ID":57,"Anchored":true,"CastShadow":true,"Size":[0.05000000447034836,0.6240000128746033,0.25]},{"CanCollide":false,"Color":"7e7e7e","CFrame":[8.839996337890625,17.799999237060548,-80.07901000976563,-0.3087564706802368,0,0.9511411190032959,0,1,0,-0.9511411190032959,0,-0.3087564706802368],"Transparency":0,"ID":58,"Anchored":true,"CastShadow":true,"Size":[0.06600000709295273,0.10000000149011612,0.05000000447034836]},{"CanCollide":false,"Color":"7e7e7e","CFrame":[6.704010009765625,12.515000343322754,-84.20700073242188,0.8659141659736633,0.5001915693283081,0.0010369643568992615,-0.47035104036331179,0.8135464191436768,0.34192416071891787,0.17018398642539979,-0.2965647280216217,0.9397269487380981],"Transparency":0,"ID":59,"Anchored":true,"CastShadow":true,"Size":[0.1420000195503235,0.05000000447034836,0.10000000149011612]},{"CanCollide":false,"Color":"7e7e7e","CFrame":[0.9219970703125,12.892000198364258,-75.760009765625,-0.9847196340560913,-0.17414383590221406,0.001072019338607788,-0.16321025788784028,0.9250065088272095,0.34311139583587649,-0.06074235960841179,0.33769357204437258,-0.9392940998077393],"Transparency":0,"ID":60,"Anchored":true,"CastShadow":true,"Size":[0.09600000828504563,0.05000000447034836,0.12099999934434891]},{"CanCollide":false,"Color":"7e7e7e","CFrame":[12.951995849609375,12.404999732971192,-76.1669921875,0.9847611784934998,-0.17391222715377809,0.00004019588232040405,-0.08678457140922547,-0.49120914936065676,0.8667079210281372,-0.150711327791214,-0.8535038232803345,-0.4988166093826294],"Transparency":0,"ID":61,"Anchored":true,"CastShadow":true,"Size":[0.09600000828504563,0.05000000447034836,0.12600001692771913]},{"CanCollide":false,"Color":"153a7e","CFrame":[5.7919921875,18.30299949645996,-76.05499267578125,1,0,0,0,1,0,0,0,1],"Transparency":0,"ID":62,"Anchored":true,"CastShadow":true,"Size":[2.2730000019073488,0.33799999952316286,0.203000009059906]},{"CanCollide":false,"Color":"7e7e7e","CFrame":[12.647003173828125,12.515999794006348,-76.2080078125,0.984944760799408,0.17286927998065949,-0.000086173415184021,0.029961273074150087,-0.17021715641021729,0.9849509000778198,0.17025309801101685,-0.9701248407363892,-0.17283391952514649],"Transparency":0,"ID":63,"Anchored":true,"CastShadow":true,"Size":[0.09600000828504563,0.05000000447034836,0.12099999934434891]},{"CanCollide":false,"Color":"153a7e","CFrame":[6.87200927734375,17.240999221801759,-80.90798950195313,0.9847820401191711,-0.03098088689148426,-0.17101028561592103,-0.029287079349160196,0.940328061580658,-0.3390064835548401,0.1713084876537323,0.3388558626174927,0.9251108765602112],"Transparency":0,"ID":64,"Anchored":true,"CastShadow":true,"Size":[0.20500001311302186,0.25,0.05000000447034836]},{"CanCollide":false,"Color":"7e7e7e","CFrame":[6.626983642578125,12.215999603271485,-83.79299926757813,0.984902560710907,0.173109769821167,0.00003723800182342529,0.030009470880031587,-0.17052626609802247,-0.9848961234092712,-0.17048878967761994,0.9700278639793396,-0.17314660549163819],"Transparency":0,"ID":65,"Anchored":true,"CastShadow":true,"Size":[0.09600000828504563,0.05000000447034836,0.12099999934434891]},{"CanCollide":false,"Color":"153a7e","CFrame":[5.092010498046875,19.180999755859376,-76.35198974609375,0.0013481378555297852,0.9066691398620606,-0.4218403697013855,-0.0004976391792297363,0.42184126377105715,0.906669557094574,0.9999989867210388,-0.0010123848915100098,0.001019895076751709],"Transparency":0,"ID":66,"Anchored":true,"CastShadow":true,"Size":[0.05799999088048935,0.18700000643730164,0.05000000447034836]},{"CanCollide":true,"Color":"153a7e","CFrame":[12.8389892578125,18.160999298095704,-78.17401123046875,-0.052199721336364749,-0.0878581553697586,0.9947643876075745,-0.0005901046097278595,0.9961249232292175,0.08794735372066498,-0.9986365437507629,0.004003804177045822,-0.05204927921295166],"Transparency":0,"ID":67,"Anchored":true,"CastShadow":true,"Size":[3.622999906539917,0.4870000183582306,0.05000000447034836]},{"CanCollide":false,"Color":"153a7e","CFrame":[5.574005126953125,19.058000564575197,-80.57598876953125,-0.09449291229248047,0.9699822664260864,-0.22406572103500367,0.571954607963562,0.23711472749710084,0.785267174243927,0.8148245215415955,-0.05395323038101196,-0.5771915912628174],"Transparency":0,"ID":68,"Anchored":true,"CastShadow":true,"Size":[0.07599999755620957,0.26899999380111697,0.06699999421834946]},{"CanCollide":false,"Color":"7e7e7e","CFrame":[5.930999755859375,17.74799919128418,-78.68499755859375,0.7074360847473145,0.7067773342132568,0.00007443875074386597,0.6961191892623901,-0.6967496871948242,-0.17308348417282105,-0.12227962166070938,0.1224973201751709,-0.9849071502685547],"Transparency":0,"ID":69,"Anchored":true,"CastShadow":true,"Size":[0.10000000149011612,0.10000000149011612,0.45000001788139346]},{"CanCollide":true,"Color":"153a7e","CFrame":[5.9739990234375,21.490999221801759,-79.31301879882813,0.9962222576141357,-0.00005268305540084839,-0.08684031665325165,0.0868270993232727,0.018063366413116456,0.9960597157478333,0.0015161670744419098,-0.9998369812965393,0.017999708652496339],"Transparency":0,"ID":70,"Anchored":true,"CastShadow":true,"Size":[0.550000011920929,1.2860000133514405,0.05000000447034836]},{"CanCollide":false,"Color":"7e7e7e","CFrame":[6.9320068359375,12.217000007629395,-83.79299926757813,0.984726071357727,-0.17410781979560853,0.0010402947664260865,-0.02914705127477646,-0.17073583602905274,-0.9848856329917908,0.1716538965702057,0.9698122143745422,-0.1732027530670166],"Transparency":0,"ID":71,"Anchored":true,"CastShadow":true,"Size":[0.09600000828504563,0.05000000447034836,0.12600001692771913]},{"CanCollide":false,"Color":"7e7e7e","CFrame":[12.7239990234375,12.61299991607666,-75.62399291992188,0.8657716512680054,0.5004392862319946,-0.000002086162567138672,-0.08715233206748963,0.15077149868011475,-0.984719455242157,-0.49279195070266726,0.8525423407554627,0.17414814233779908],"Transparency":0,"ID":72,"Anchored":true,"CastShadow":true,"Size":[0.1420000195503235,0.05000000447034836,0.10000000149011612]},{"CanCollide":false,"Color":"7e7e7e","CFrame":[6.904998779296875,12.217000007629395,-83.82000732421875,1,-0.00005550241985474713,0.00006611332355532795,0.00005550241985474713,-0.1731804609298706,-0.9848901033401489,0.00006611332355532795,0.9848901033401489,-0.1731804609298706],"Transparency":0,"ID":73,"Anchored":true,"CastShadow":true,"Size":[0.05000000447034836,0.0860000029206276,0.11900001019239426]},{"CanCollide":false,"Color":"153a7e","CFrame":[4.980987548828125,19.104999542236329,-76.13998413085938,0.5693482756614685,0.2986879348754883,-0.7659164667129517,0.6775221824645996,0.3572012782096863,0.6429392695426941,0.46562454104423525,-0.8849818110466003,0.0010042190551757813],"Transparency":0,"ID":74,"Anchored":true,"CastShadow":true,"Size":[0.06400000303983689,0.13300001621246339,0.05000000447034836]},{"CanCollide":false,"Color":"153a7e","CFrame":[5.0369873046875,17.131000518798829,-80.41000366210938,-0.7071233987808228,-0.2987992763519287,-0.6408554315567017,-0.000034809112548828128,0.9063422679901123,-0.42254430055618288,0.7070902585983276,-0.2987685799598694,-0.6409062147140503],"Transparency":0,"ID":75,"Anchored":true,"CastShadow":true,"Size":[0.12800002098083497,0.13100001215934754,0.05000000447034836]},{"CanCollide":false,"Color":"153a7e","CFrame":[5.0260009765625,18.676000595092775,-75.55099487304688,0.3630639314651489,-0.8149006962776184,-0.45179811120033266,0.8644097447395325,0.11356991529464722,0.4897935688495636,-0.3478223979473114,-0.5683650374412537,0.7456411719322205],"Transparency":0,"ID":76,"Anchored":true,"CastShadow":true,"Size":[0.6159999966621399,0.05000000447034836,0.05000000447034836]},{"CanCollide":false,"Color":"153a7e","CFrame":[8.618011474609375,16.770000457763673,-76.86099243164063,0.2506619691848755,0.6616990566253662,0.7066279053688049,0.29887649416923525,0.6413770914077759,-0.7066174745559692,-0.9207831025123596,0.3883166015148163,-0.036997437477111819],"Transparency":0,"ID":77,"Anchored":true,"CastShadow":true,"Size":[0.05000000447034836,0.2070000171661377,0.05000000447034836]},{"CanCollide":false,"Color":"153a7e","CFrame":[8.12200927734375,18.323999404907228,-76.29299926757813,0.865962564945221,-0.5001088380813599,0.00008337925828527659,0.5001088380813599,0.865962564945221,0.000022347017875290477,-0.00008337925828527659,0.000022347017875290477,1],"Transparency":0,"ID":78,"Anchored":true,"CastShadow":true,"Size":[0.17000001668930055,0.34599998593330386,0.05000000447034836]},{"CanCollide":false,"Color":"7e7e7e","CFrame":[5.930999755859375,17.472000122070314,-77.77099609375,0.7067958116531372,-0.7074170112609863,0.0010437369346618653,0.3527871370315552,0.35375529527664187,0.8662555813789368,-0.6131730079650879,-0.6118976473808289,0.49960023164749148],"Transparency":0,"ID":79,"Anchored":true,"CastShadow":true,"Size":[0.10000000149011612,0.10000000149011612,0.20000001788139344]},{"CanCollide":false,"Color":"153a7e","CFrame":[4.949005126953125,17.625,-75.92898559570313,1,0,0,0,1,0,0,0,1],"Transparency":0,"ID":80,"Anchored":true,"CastShadow":true,"Size":[0.6489999890327454,0.05000000447034836,0.652999997138977]},{"CanCollide":false,"Color":"153a7e","CFrame":[8.656005859375,19.020999908447267,-76.0159912109375,0.359637975692749,-0.5323203802108765,0.766352117061615,-0.4276665449142456,0.635922908782959,0.6424199342727661,-0.8293140530586243,-0.5587817430496216,0.0010464191436767579],"Transparency":0,"ID":81,"Anchored":true,"CastShadow":true,"Size":[0.05000000447034836,0.22699999809265138,0.05000000447034836]},{"CanCollide":false,"Color":"153a7e","CFrame":[12.87799072265625,17.908000946044923,-78.17300415039063,-0.05150651931762695,-0.7062090635299683,0.706127405166626,0.000722736120223999,0.7070393562316895,0.7071738243103027,-0.9986724853515625,0.03693440556526184,-0.03590679168701172],"Transparency":0,"ID":82,"Anchored":true,"CastShadow":true,"Size":[3.5769999027252199,0.07199998944997788,0.05000000447034836]},{"CanCollide":false,"Color":"153a7e","CFrame":[5.11199951171875,18.666000366210939,-80.50601196289063,-0.5919839143753052,0.46768665313720705,-0.6563720703125,0.3669177293777466,0.8815077543258667,0.29717910289764407,0.7175837755203247,-0.06490930169820786,-0.6934409141540527],"Transparency":0,"ID":83,"Anchored":true,"CastShadow":true,"Size":[0.13699999451637269,0.6010000109672546,0.05299999564886093]},{"CanCollide":false,"Color":"7e7e7e","CFrame":[12.67401123046875,12.630000114440918,-75.57000732421875,1,0,0,0,0.17429012060165406,-0.9846944212913513,0,0.9846944212913513,0.17429012060165406],"Transparency":0,"ID":84,"Anchored":true,"CastShadow":true,"Size":[0.05000000447034836,0.0860000029206276,0.11000000685453415]},{"CanCollide":false,"Color":"b1b1b1","CFrame":[8.277008056640625,18.42300033569336,-75.27200317382813,-0.0008478164672851563,0.9999991655349731,0.0009691715240478516,-0.9925405979156494,-0.0009596347808837891,0.12191039323806763,0.12191122025251389,-0.0008585788309574127,0.9925406575202942],"Transparency":0,"ID":85,"Anchored":true,"CastShadow":true,"Size":[0.08299999684095383,0.20000001788139344,0.05000000447034836]},{"CanCollide":false,"Color":"7e7e7e","CFrame":[0.61700439453125,12.258001327514649,-75.99200439453125,-0.9849401712417603,0.17289772629737855,-0.0000050961971282958988,-0.16247984766960145,-0.9256031513214111,-0.3418479263782501,-0.059109434485435489,-0.3366988003253937,0.9397553205490112],"Transparency":0,"ID":86,"Anchored":true,"CastShadow":true,"Size":[0.09600000828504563,0.05000000447034836,0.12600001692771913]},{"CanCollide":false,"Color":"93540a","CFrame":[8.326995849609375,18.194000244140626,-75.24398803710938,-0.0008478164672851563,0.9999991655349731,0.0009691715240478516,-0.9925405979156494,-0.0009596347808837891,0.12191039323806763,0.12191122025251389,-0.0008585788309574127,0.9925406575202942],"Transparency":0,"ID":87,"Anchored":true,"CastShadow":true,"Size":[0.08299999684095383,0.20000001788139344,0.05000000447034836]},{"CanCollide":false,"Color":"333333","CFrame":[7.285003662109375,17.658000946044923,-76.05398559570313,-0.7069690227508545,-0.7072439789772034,0.0009730681777000427,0.6643710732460022,-0.6645832061767578,-0.34196531772613528,0.24249958992004395,-0.2411123663187027,0.9397120475769043],"Transparency":0,"ID":88,"Anchored":true,"CastShadow":true,"Size":[0.08299999684095383,0.20000001788139344,0.05000000447034836]},{"CanCollide":false,"Color":"153a7e","CFrame":[5.154998779296875,18.583999633789064,-75.42401123046875,0.7688617706298828,-0.5743806958198547,-0.2809598445892334,0.63763827085495,0.7214760780334473,0.2699808180332184,0.047634050250053409,-0.3867286741733551,0.9209625124931336],"Transparency":0,"ID":89,"Anchored":true,"CastShadow":true,"Size":[0.6069999933242798,0.05000000447034836,0.05299999564886093]},{"CanCollide":false,"Color":"7e7e7e","CFrame":[6.855010986328125,12.529000282287598,-84.12200927734375,0.8656047582626343,-0.5007278323173523,0,0.5007278323173523,0.8656047582626343,0,0,0,1],"Transparency":0,"ID":90,"Anchored":true,"CastShadow":true,"Size":[0.1420000195503235,0.05000000447034836,0.10000000149011612]},{"CanCollide":false,"Color":"7e7e7e","CFrame":[5.243011474609375,20.413999557495118,-79.75900268554688,0.996196448802948,0.0869850367307663,-0.005122910253703594,-0.08713525533676148,0.9942679405212402,-0.06195731461048126,-0.0002958131954073906,0.06216803938150406,0.9980656504631043],"Transparency":0,"ID":91,"Anchored":true,"CastShadow":true,"Size":[0.05000000447034836,1.2020000219345093,0.05000000447034836]},{"CanCollide":false,"Color":"7e7e7e","CFrame":[12.67401123046875,12.522000312805176,-75.56900024414063,1,-0.00005550241985474713,0.00006611332355532795,0.00005550241985474713,-0.1731804609298706,-0.9848901033401489,0.00006611332355532795,0.9848901033401489,-0.1731804609298706],"Transparency":0,"ID":92,"Anchored":true,"CastShadow":true,"Size":[0.05000000447034836,0.0860000029206276,0.11000000685453415]},{"CanCollide":false,"Color":"7e7e7e","CFrame":[6.626983642578125,11.956999778747559,-84.010009765625,0.9849250316619873,0.17298172414302827,0.00004799291491508484,0.16255085170269013,-0.9254387617111206,-0.34225815534591677,-0.05915999040007591,0.3371064066886902,-0.9396060705184937],"Transparency":0,"ID":93,"Anchored":true,"CastShadow":true,"Size":[0.09600000828504563,0.05000000447034836,0.12099999934434891]},{"CanCollide":false,"Color":"153a7e","CFrame":[5.165008544921875,19.05299949645996,-80.25299072265625,-0.2587839365005493,0.6214908361434937,-0.7394458055496216,0.0000750422477722168,0.7655360698699951,0.6433929800987244,0.965935230255127,0.1664443016052246,-0.19815504550933839],"Transparency":0,"ID":94,"Anchored":true,"CastShadow":true,"Size":[0.27399998903274538,0.25099998712539675,0.05000000447034836]},{"CanCollide":false,"Color":"153a7e","CFrame":[7.402008056640625,21.159000396728517,-80.4530029296875,-0.9961763620376587,-0.007022417150437832,0.08708176016807556,-0.0009067410137504339,0.997541606426239,0.07007069885730744,-0.08735974133014679,0.06972381472587586,-0.9937337636947632],"Transparency":0,"ID":95,"Anchored":true,"CastShadow":true,"Size":[1.25,0.31700000166893008,0.05000000447034836]},{"CanCollide":false,"Color":"153a7e","CFrame":[12.808990478515625,18.68199920654297,-76.42898559570313,0.0301322340965271,-0.34143590927124026,0.9394219517707825,-0.08266957104206085,0.9357773661613464,0.34276294708251955,-0.996121346950531,-0.08798982203006745,-0.000029325485229492189],"Transparency":0,"ID":96,"Anchored":true,"CastShadow":true,"Size":[0.06600000709295273,0.6100000143051148,0.05000000447034836]},{"CanCollide":false,"Color":"153a7e","CFrame":[5.08099365234375,19.174999237060548,-76.30599975585938,0.609175443649292,0.671546220779419,-0.4218185842037201,0.2825907766819,0.3131682872772217,0.9066796898841858,0.7409775257110596,-0.6715289950370789,0.0010016560554504395],"Transparency":0,"ID":97,"Anchored":true,"CastShadow":true,"Size":[0.07800000160932541,0.14500001072883607,0.05000000447034836]},{"CanCollide":false,"Color":"153a7e","CFrame":[8.62799072265625,19.054000854492189,-76.37100219726563,0.11253130435943604,-0.6325314044952393,0.766316294670105,-0.1327345073223114,0.7547338604927063,0.6424627304077148,-0.9847427606582642,-0.17401377856731416,0.000972449779510498],"Transparency":0,"ID":98,"Anchored":true,"CastShadow":true,"Size":[0.05000000447034836,0.25,0.05000000447034836]},{"CanCollide":false,"Color":"7e7e7e","CFrame":[0.644012451171875,12.416000366210938,-76.14300537109375,-1,0.00004311059456085786,-0.00007478614134015515,0.00004311059456085786,-0.5011674165725708,-0.8653504252433777,-0.00007478614134015515,-0.8653504252433777,0.5011672973632813],"Transparency":0,"ID":99,"Anchored":true,"CastShadow":true,"Size":[0.05000000447034836,0.0860000029206276,0.11900001019239426]},{"CanCollide":false,"Color":"153a7e","CFrame":[5.9169921875,19.152999877929689,-80.57998657226563,-0.2186347246170044,0.9497499465942383,-0.22399532794952393,0.5367467403411865,0.30875253677368166,0.7852227687835693,0.8149243593215942,0.05144819617271423,-0.5772792100906372],"Transparency":0,"ID":100,"Anchored":true,"CastShadow":true,"Size":[0.054999999701976779,0.503000020980835,0.06699999421834946]},{"CanCollide":false,"Color":"7e7e7e","CFrame":[6.65399169921875,12.038000106811524,-83.92501831054688,1,0.000029500450182240458,-0.00008112467912724242,-0.000029500450182240458,-0.7664154767990112,-0.6423452496528626,-0.00008112467912724242,0.6423452496528626,-0.7664154767990112],"Transparency":0,"ID":101,"Anchored":true,"CastShadow":true,"Size":[0.05000000447034836,0.0860000029206276,0.11000000685453415]},{"CanCollide":false,"Color":"770e0e","CFrame":[7.42498779296875,19.16699981689453,-77.1510009765625,-0.9657829999923706,0.18299391865730287,0.18378432095050813,-0.013080872595310212,-0.7420967817306519,0.6701653003692627,0.2590218782424927,0.6448301076889038,0.719097912311554],"Transparency":0,"ID":102,"Anchored":true,"CastShadow":true,"Size":[0.06400000303983689,0.05000000447034836,0.06199999898672104]},{"CanCollide":false,"Color":"153a7e","CFrame":[7.042999267578125,21.464000701904298,-80.33499145507813,-0.9961056709289551,-0.07904355973005295,0.03906099498271942,0.0005133152008056641,0.43782109022140505,0.8990620374679565,-0.08816678822040558,0.8955807685852051,-0.4360755681991577],"Transparency":0,"ID":103,"Anchored":true,"CastShadow":true,"Size":[0.5450000166893005,0.20500001311302186,0.0560000017285347]},{"CanCollide":false,"Color":"7e7e7e","CFrame":[7.930999755859375,18.958999633789064,-79.87399291992188,0.7071713209152222,0.7070415616035461,0.001003354787826538,-0.1825929880142212,0.18399715423583985,-0.9658182263374329,-0.6830582618713379,0.6828157305717468,0.25921833515167239],"Transparency":0,"ID":104,"Anchored":true,"CastShadow":true,"Size":[0.10000000149011612,0.10000000149011612,0.5]},{"CanCollide":false,"Color":"7e7e7e","CFrame":[4.746002197265625,17.799999237060548,-80.01300048828125,-0.05025291442871094,-0.013380423188209534,-0.9986469149589539,-0.25861650705337527,0.965980052947998,0.00007107853889465332,0.9646720290184021,0.25827014446258547,-0.05200362205505371],"Transparency":0,"ID":105,"Anchored":true,"CastShadow":true,"Size":[0.05000000447034836,0.05000000447034836,0.05000000447034836]},{"CanCollide":false,"Color":"333333","CFrame":[6.808013916015625,17.052000045776368,-75.8800048828125,1,0,0,0,1,0,0,0,1],"Transparency":0,"ID":106,"Anchored":true,"CastShadow":true,"Size":[0.4699999988079071,0.05000000447034836,0.19600000977516175]},{"CanCollide":false,"Color":"153a7e","CFrame":[12.375,19.2549991607666,-78.31399536132813,0.9961157441139221,-0.08803143352270127,-0.001965469680726528,0.08805304020643234,0.9958028197288513,0.024969061836600305,-0.0002408419968560338,-0.025045139715075494,0.9996863007545471],"Transparency":0,"ID":107,"Anchored":true,"CastShadow":true,"Size":[0.05000000447034836,0.1899999976158142,3.321000099182129]},{"CanCollide":false,"Color":"153a7e","CFrame":[5.85400390625,19.1299991607666,-75.51498413085938,0.9743704199790955,-0.145122230052948,-0.17187738418579102,0.22068661451339723,0.4686412811279297,0.8553787469863892,-0.0435856357216835,-0.8713867664337158,0.4886566996574402],"Transparency":0,"ID":108,"Anchored":true,"CastShadow":true,"Size":[0.47099998593330386,0.10300000756978989,0.05000000447034836]},{"CanCollide":false,"Color":"7e7e7e","CFrame":[6.800994873046875,19.18199920654297,-76.28298950195313,1,-0.000002242898517579306,-0.00008629287185613066,-0.000002242898517579306,0.9986497759819031,-0.05194830894470215,0.00008629287185613066,0.05194830894470215,0.9986497759819031],"Transparency":0,"ID":109,"Anchored":true,"CastShadow":true,"Size":[0.6100000143051148,0.05000000447034836,0.2669999897480011]},{"CanCollide":false,"Color":"153a7e","CFrame":[6.480010986328125,19.20800018310547,-75.5050048828125,0.9986279606819153,-0.04603457450866699,-0.024959970265626909,0.051113955676555637,0.7533019185066223,0.6556856632232666,-0.01138180773705244,-0.6560618877410889,0.7546213865280151],"Transparency":0,"ID":110,"Anchored":true,"CastShadow":true,"Size":[0.6129999756813049,0.05000000447034836,0.05000000447034836]},{"CanCollide":false,"Color":"7e7e7e","CFrame":[8.32501220703125,17.799999237060548,-75.19998168945313,1,0,0,0,1,0,0,0,1],"Transparency":0,"ID":111,"Anchored":true,"CastShadow":true,"Size":[0.17100000381469727,0.10000000149011612,0.15000000596046449]},{"CanCollide":false,"Color":"153a7e","CFrame":[5.628997802734375,21.33099937438965,-80.37698364257813,0.9311633110046387,0.21565553545951844,-0.2939855754375458,0.35442236065864565,-0.34618377685546877,0.868643581867218,0.0855548083782196,-0.9130441546440125,-0.3987867832183838],"Transparency":0,"ID":112,"Anchored":true,"CastShadow":true,"Size":[0.16100001335144044,0.05000000447034836,0.05000000447034836]},{"CanCollide":false,"Color":"153a7e","CFrame":[5.631988525390625,21.312999725341798,-80.39498901367188,-0.9333347082138062,-0.35020458698272707,-0.07901875674724579,-0.3509002923965454,0.8433685302734375,0.4069380462169647,-0.0758695900440216,0.40753689408302309,-0.9100320339202881],"Transparency":0,"ID":113,"Anchored":true,"CastShadow":true,"Size":[0.16100001335144044,0.05000000447034836,0.05000000447034836]},{"CanCollide":false,"Color":"770e0e","CFrame":[7.4639892578125,19.20400047302246,-77.19699096679688,0.2595106363296509,0.9657397270202637,0.001025080680847168,-0.051464587450027469,0.012769460678100586,0.9985932111740112,0.9643679857254028,-0.2591983377933502,0.053015172481536868],"Transparency":0,"ID":114,"Anchored":true,"CastShadow":true,"Size":[0.06400000303983689,0.05000000447034836,0.05000000447034836]},{"CanCollide":false,"Color":"7e7e7e","CFrame":[5.572998046875,19.586000442504884,-76.50799560546875,0.8913878798484802,0.4532412588596344,-0.00010791420936584473,-0.3840785324573517,0.7554921507835388,0.5307685136795044,0.24064774811267854,-0.4730791747570038,0.8475167751312256],"Transparency":0,"ID":115,"Anchored":true,"CastShadow":true,"Size":[0.14800000190734864,0.05000000447034836,0.05000000447034836]},{"CanCollide":false,"Color":"3f3f3f","CFrame":[0.73199462890625,12.574000358581543,-75.875,-1,0,0,0,-0.49961423873901369,0.8662480711936951,0,0.8662480711936951,0.4996141791343689],"Transparency":0,"ID":116,"Anchored":true,"CastShadow":true,"Size":[0.1850000023841858,0.19900000095367433,0.053999997675418857]},{"CanCollide":false,"Color":"153a7e","CFrame":[8.558990478515625,17.799999237060548,-75.29400634765625,0.9658845663070679,0,0.25897300243377688,0,1,0,-0.25897300243377688,0,0.9658845663070679],"Transparency":0,"ID":117,"Anchored":true,"CastShadow":true,"Size":[0.3490000069141388,0.20000001788139344,0.05000000447034836]},{"CanCollide":false,"Color":"7e7e7e","CFrame":[8.277008056640625,18.415000915527345,-75.33599853515625,0.7068099975585938,0.7074027061462402,0.0010202638804912568,-0.7022114992141724,0.7014472484588623,0.12194612622261048,0.08554935455322266,-0.08690918982028961,0.992536187171936],"Transparency":0,"ID":118,"Anchored":true,"CastShadow":true,"Size":[0.08399999886751175,0.20000001788139344,0.08000000566244126]},{"CanCollide":false,"Color":"153a7e","CFrame":[8.20098876953125,21.246999740600587,-79.7659912109375,0.9961932301521301,-0.07802490890026093,-0.0388743057847023,0.0871690958738327,0.8875008821487427,0.452486127614975,-0.0008042100816965103,-0.45415225625038149,0.8909237384796143],"Transparency":0,"ID":119,"Anchored":true,"CastShadow":true,"Size":[0.05000000447034836,0.05000000447034836,0.10100000351667404]},{"CanCollide":false,"Color":"7e7e7e","CFrame":[0.61700439453125,12.633999824523926,-76.2080078125,-0.9849139451980591,0.17304441332817079,0.000018462538719177247,0.029944106936454774,0.17053747177124024,-0.9848961234092712,-0.1704339236021042,-0.9700374007225037,-0.17314636707305909],"Transparency":0,"ID":120,"Anchored":true,"CastShadow":true,"Size":[0.09600000828504563,0.05000000447034836,0.12600001692771913]},{"CanCollide":false,"Color":"7e7e7e","CFrame":[12.81201171875,12.574999809265137,-75.718994140625,1,0,0,0,0,-1,0,1,0],"Transparency":0,"ID":121,"Anchored":true,"CastShadow":true,"Size":[0.07800000160932541,0.05000000447034836,0.05000000447034836]},{"CanCollide":false,"Color":"7e7e7e","CFrame":[7.930999755859375,17.347999572753908,-79.54901123046875,0.7068237662315369,0.7073896527290344,0.00002637505531311035,-0.6647589802742004,0.6642398834228516,-0.3418784439563751,-0.2418588101863861,0.24163028597831727,0.9397441744804382],"Transparency":0,"ID":122,"Anchored":true,"CastShadow":true,"Size":[0.10000000149011612,0.10000000149011612,0.25]},{"CanCollide":false,"Color":"153a7e","CFrame":[7.472991943359375,19.2450008392334,-75.95700073242188,0.9969955682754517,0.015078961849212647,0.07597709447145462,-0.07714478671550751,0.10504120588302612,0.9914712905883789,0.006969615817070007,-0.9943536520004273,0.10588890314102173],"Transparency":0,"ID":123,"Anchored":true,"CastShadow":true,"Size":[0.07699999958276749,0.7839999794960022,0.05000000447034836]},{"CanCollide":false,"Color":"7e7e7e","CFrame":[12.67401123046875,12.866000175476075,-75.98300170898438,1,0,0,0,0.9397305250167847,0.34191593527793887,0,-0.34191593527793887,0.9397305250167847],"Transparency":0,"ID":124,"Anchored":true,"CastShadow":true,"Size":[0.05000000447034836,0.0860000029206276,0.11000000685453415]},{"CanCollide":false,"Color":"153a7e","CFrame":[8.170013427734375,20.156999588012697,-76.9639892578125,0.8636217713356018,-0.07392928749322891,0.4986902177333832,-0.21096932888031007,0.8454127907752991,0.49068233370780947,-0.4578748643398285,-0.5289722681045532,0.7145200967788696],"Transparency":0,"ID":125,"Anchored":true,"CastShadow":true,"Size":[0.14900001883506776,2.194000005722046,0.05000000447034836]},{"CanCollide":false,"Color":"7e7e7e","CFrame":[12.67401123046875,12.885000228881836,-75.87698364257813,1,0,0,0,1,0,0,0,1],"Transparency":0,"ID":126,"Anchored":true,"CastShadow":true,"Size":[0.05000000447034836,0.0860000029206276,0.11000000685453415]},{"CanCollide":false,"Color":"153a7e","CFrame":[7.649993896484375,19.152999877929689,-80.57998657226563,-0.21828174591064454,-0.9495792388916016,0.22506096959114076,-0.5365734100341797,0.3094159960746765,0.785080075263977,-0.8151332139968872,0.05060684680938721,-0.5770587921142578],"Transparency":0,"ID":127,"Anchored":true,"CastShadow":true,"Size":[0.054999999701976779,0.503000020980835,0.06699999421834946]},{"CanCollide":false,"Color":"153a7e","CFrame":[8.0419921875,21.14699935913086,-77.55300903320313,0.8636217713356018,-0.07392928749322891,0.4986902177333832,-0.21096932888031007,0.8454127907752991,0.49068233370780947,-0.4578748643398285,-0.5289722681045532,0.7145200967788696],"Transparency":0,"ID":128,"Anchored":true,"CastShadow":true,"Size":[0.05000000447034836,0.12800002098083497,0.05000000447034836]},{"CanCollide":false,"Color":"153a7e","CFrame":[5.222991943359375,17.02899932861328,-80.39801025390625,-0.8252637386322022,0.5397396683692932,-0.16619612276554109,0.4524799585342407,0.45583194494247439,-0.7664719223976135,-0.33793777227401736,-0.7077417969703674,-0.6204029321670532],"Transparency":0,"ID":129,"Anchored":true,"CastShadow":true,"Size":[0.0689999982714653,0.12999999523162843,0.053999997675418857]},{"CanCollide":false,"Color":"153a7e","CFrame":[8.592987060546875,19.01799964904785,-76.42098999023438,0.11253130435943604,-0.6325314044952393,0.766316294670105,-0.1327345073223114,0.7547338604927063,0.6424627304077148,-0.9847427606582642,-0.17401377856731416,0.000972449779510498],"Transparency":0,"ID":130,"Anchored":true,"CastShadow":true,"Size":[0.05000000447034836,0.27300000190734866,0.25]},{"CanCollide":false,"Color":"7e7e7e","CFrame":[0.694000244140625,12.534000396728516,-75.625,-0.8658785820007324,0.5002536773681641,0.0009393244981765747,-0.08621665835380554,-0.15107977390289308,0.9847546219825745,0.4927690029144287,0.8525968194007874,0.1739467978477478],"Transparency":0,"ID":131,"Anchored":true,"CastShadow":true,"Size":[0.1420000195503235,0.05000000447034836,0.10000000149011612]},{"CanCollide":false,"Color":"153a7e","CFrame":[5.052001953125,19.01300048828125,-75.843994140625,0.7078379392623901,0.5414507389068604,-0.45364800095558169,-0.00010529160499572754,0.6423007249832153,0.7664526700973511,0.7063748836517334,-0.5424765348434448,0.45470184087753298],"Transparency":0,"ID":132,"Anchored":true,"CastShadow":true,"Size":[0.43799999356269839,0.18900001049041749,0.05000000447034836]},{"CanCollide":false,"Color":"153a7e","CFrame":[5.006988525390625,17.799999237060548,-75.29400634765625,0.9661321043968201,0,-0.2580479085445404,0,1,0,0.2580479085445404,0,0.9661321043968201],"Transparency":0,"ID":133,"Anchored":true,"CastShadow":true,"Size":[0.3490000069141388,0.20000001788139344,0.05000000447034836]},{"CanCollide":false,"Color":"153a7e","CFrame":[5.131011962890625,16.687000274658204,-77.375,-0.052750587463378909,-0.983487606048584,-0.17311662435531617,0.0001754462718963623,0.17334890365600587,-0.9848604798316956,0.9986076951026917,-0.051982343196868899,-0.008971691131591797],"Transparency":0,"ID":134,"Anchored":true,"CastShadow":true,"Size":[0.6359999775886536,0.20000001788139344,0.05000000447034836]},{"CanCollide":false,"Color":"153a7e","CFrame":[7.89300537109375,19.2189998626709,-76.01101684570313,0.7557002305984497,-0.6504958271980286,0.07597622275352478,0.012069165706634522,0.12982147932052613,0.9914639592170715,-0.6548064947128296,-0.7483325600624085,0.10595703125],"Transparency":0,"ID":135,"Anchored":true,"CastShadow":true,"Size":[1.0789999961853028,0.06699999421834946,0.05000000447034836]},{"CanCollide":false,"Color":"7e7e7e","CFrame":[0.894989013671875,12.812999725341797,-76.07400512695313,-1,-0.000029500450182240458,-0.00008112467912724242,0.000029500450182240458,0.7664154171943665,-0.6423452496528626,0.00008112467912724242,-0.6423452496528626,-0.7664154767990112],"Transparency":0,"ID":136,"Anchored":true,"CastShadow":true,"Size":[0.05000000447034836,0.0860000029206276,0.11000000685453415]},{"CanCollide":false,"Color":"333333","CFrame":[5.77899169921875,16.722000122070314,-75.92999267578125,0.9645248651504517,-0.25921696424484255,-0.049983397126197818,0.25888943672180178,0.9658190608024597,-0.013032134622335434,0.05165306478738785,-0.00037035346031188965,0.9986650347709656],"Transparency":0,"ID":137,"Anchored":true,"CastShadow":true,"Size":[1.968000054359436,0.05000000447034836,0.05000000447034836]},{"CanCollide":false,"Color":"7e7e7e","CFrame":[12.7